7
7
9
7
9
9
7
9
6
8
6
6
8
6
10
6
10
8
10
10
8
10
6
10
5
9
5
7
5
5
7
5
9
5
11
5
11
7
11
9
11
11
9
11
7
11
5
11
4
10
4
8
4
6
4
4
6
4
8
4
10
4
12
4
12
6
12
8
12
10
12
12
10
12
8
12
6
12
4
12
3
11
3
9
3
7
3
5
3
3
5
3
7
3
9
3
11
3
13
3
13
5
13
7
13
9
13
11
13
13
11
13
9
13
7
13
5
13
3
13
2
12
2
10
2
8
2
6
2
4
2
2
4
2
6
2
8
2
10
2
12
2
14
2
14
4
14
6
14
8
14
10
14
12
14
14
12
14
10
14
8
14
6
14
4
14
2
14
1
15
1
13
1
11
1
9
1
7
1
5
1
3
1
1
3
1
5
1
7
1
9
1
11
1
13
1
15
1
15
3
15
5
15
7
15
9
15
11
15
13
15
15
13
15
11
15
9
15
7
15
5
15
3
15
